-6 -4.67485
-5.9 -4.36151
-5.8 -4.00349
-5.7 -3.60613
-5.6 -3.17506
-5.5 -2.71615
-5.4 -2.23538
-5.3 -1.73884
-5.2 -1.23259
-5.1 -0.722631
-5 -0.214803
-4.9 0.28525
-4.8 0.772159
-4.7 1.24088
-4.6 1.68677
-4.5 2.10557
-4.4 2.49354
-4.3 2.84742
-4.2 3.16445
-4.1 3.44246
-4 3.67982
-3.9 3.87545
-3.8 4.02886
-3.7 4.14009
-3.6 4.20972
-3.5 4.23885
-3.4 4.22905
-3.3 4.18236
-3.2 4.10121
-3.1 3.98841
-3 3.84707
-2.9 3.68059
-2.8 3.49257
-2.7 3.28677
-2.6 3.06705
-2.5 2.83732
-2.4 2.60147
-2.3 2.36333
-2.2 2.12661
-2.1 1.89485
-2 1.67138
-1.9 1.45925
-1.8 1.26124
-1.7 1.07977
-1.6 0.916921
-1.5 0.774371
-1.4 0.653404
-1.3 0.554892
-1.2 0.479283
-1.1 0.426609
-1 0.396493
-0.9 0.388154
-0.8 0.400436
-0.7 0.431825
-0.6 0.48048
-0.5 0.544267
-0.4 0.620797
-0.3 0.707465
-0.2 0.801498
-0.1 0.9
0 1
0 1
0.1 1.1
0.2 1.1985
0.3 1.29254
0.4 1.3792
0.5 1.45573
0.6 1.51952
0.7 1.56817
0.8 1.59956
0.9 1.61185
1 1.60351
1.1 1.57339
1.2 1.52072
1.3 1.44511
1.4 1.3466
1.5 1.22563
1.6 1.08308
1.7 0.920227
1.8 0.738759
1.9 0.540746
2 0.32862
2.1 0.105146
2.2 -0.126612
2.3 -0.363332
2.4 -0.601471
2.5 -0.837322
2.6 -1.06705
2.7 -1.28677
2.8 -1.49257
2.9 -1.68059
3 -1.84707
3.1 -1.98841
3.2 -2.10121
3.3 -2.18236
3.4 -2.22905
3.5 -2.23885
3.6 -2.20972
3.7 -2.14009
3.8 -2.02886
3.9 -1.87545
4 -1.67982
4.1 -1.44246
4.2 -1.16445
4.3 -0.847416
4.4 -0.493545
4.5 -0.105574
4.6 0.313235
4.7 0.759117
4.8 1.22784
4.9 1.71475
5 2.2148
5.1 2.72263
5.2 3.23259
5.3 3.73884
5.4 4.23538
5.5 4.71614
5.6 5.17506
5.7 5.60613
5.8 6.00349
5.9 6.36151
6 6.67485
